    1.000030      0.6030000E-03
   0.9955660      0.1056000E-02
   0.9895260      0.1650000E-02
   0.9822840      0.2346000E-02
   0.9736040      0.3176000E-02
   0.9633810      0.4157000E-02
   0.9517310      0.5287000E-02
   0.9389400      0.6549000E-02
   0.9253510      0.7912000E-02
   0.9112650      0.9345000E-02
   0.8968730      0.1082900E-01
   0.8822750      0.1234600E-01
   0.8675640      0.1388400E-01
   0.8528120      0.1542700E-01
   0.8381130      0.1696100E-01
   0.8235310      0.1846700E-01
   0.8091040      0.1993600E-01
   0.7948680      0.2135200E-01
   0.7808200      0.2270900E-01
   0.7670050      0.2399600E-01
   0.7534830      0.2520100E-01
   0.7403610      0.2631400E-01
   0.7278550      0.2732800E-01
   0.7163230      0.2823300E-01
   0.7061677      0.2940982E-01
   0.7002593      0.3103698E-01
   0.6966460      0.3253200E-01
   0.6922670      0.3449200E-01
   0.6875370      0.3643700E-01
   0.6824280      0.3840500E-01
   0.6769130      0.4040400E-01
   0.6709500      0.4243300E-01
   0.6645050      0.4450100E-01
   0.6575520      0.4662300E-01
   0.6500870      0.4880800E-01
   0.6421140      0.5105500E-01
   0.6336340      0.5335500E-01
   0.6246740      0.5569000E-01
   0.6152620      0.5804600E-01
   0.6054380      0.6040600E-01
   0.5952510      0.6275600E-01
   0.5847470      0.6508200E-01
   0.5739790      0.6737200E-01
   0.5629860      0.6961200E-01
   0.5518150      0.7179200E-01
   0.5404980      0.7390400E-01
   0.5290670      0.7594100E-01
   0.5175490      0.7789900E-01
   0.5059690      0.7977500E-01
   0.4943450      0.8156700E-01
   0.4826980      0.8327300E-01
   0.4710390      0.8489300E-01
   0.4593840      0.8642600E-01
   0.4477390      0.8787100E-01
   0.4361050      0.8922900E-01
   0.4244920      0.9049800E-01
   0.4129020      0.9167900E-01
   0.4013380      0.9277200E-01
   0.3898070      0.9377800E-01
   0.3783100      0.9469500E-01
   0.3668550      0.9552600E-01
   0.3554410      0.9626900E-01
   0.3440720      0.9691900E-01
   0.3327450      0.9746700E-01
   0.3214670      0.9792200E-01
   0.3102390      0.9827900E-01
   0.2990680      0.9853400E-01
   0.2879550      0.9868300E-01
   0.2769070      0.9872400E-01
   0.2659330      0.9865200E-01
   0.2550340      0.9846600E-01
   0.2442220      0.9816100E-01
   0.2335090      0.9773400E-01
   0.2229070      0.9718400E-01
   0.2124330      0.9650700E-01
   0.2021050      0.9570200E-01
   0.1919440      0.9476800E-01
   0.1819740      0.9370600E-01
   0.1722190      0.9251800E-01
   0.1627050      0.9120800E-01
   0.1534520      0.8978000E-01
   0.1444830      0.8824100E-01
   0.1358140      0.8659600E-01
   0.1274620      0.8485400E-01
   0.1194320      0.8302300E-01
   0.1117310      0.8111100E-01
   0.1043630      0.7912700E-01
   0.9733100E-01  0.7707800E-01
   0.9063500E-01  0.7497600E-01
   0.8427400E-01  0.7282900E-01
   0.7824600E-01  0.7064600E-01
   0.7254400E-01  0.6843600E-01
   0.6716400E-01  0.6620800E-01
   0.6209700E-01  0.6397100E-01
   0.5733300E-01  0.6173100E-01
   0.5286200E-01  0.5949600E-01
   0.4867300E-01  0.5727300E-01
   0.4475100E-01  0.5506500E-01
   0.4108400E-01  0.5287500E-01
   0.3765700E-01  0.5070700E-01
   0.3445700E-01  0.4855900E-01
   0.3147100E-01  0.4643500E-01
   0.2868600E-01  0.4433500E-01
   0.2608800E-01  0.4226000E-01
   0.2366600E-01  0.4021200E-01
   0.2140900E-01  0.3819400E-01
   0.1930600E-01  0.3620300E-01
   0.1734900E-01  0.3424300E-01
   0.1552800E-01  0.3231100E-01
   0.1383600E-01  0.3040900E-01
   0.1226600E-01  0.2853500E-01
   0.1081200E-01  0.2668900E-01
   0.9467000E-02  0.2486900E-01
   0.8229000E-02  0.2307700E-01
   0.7090000E-02  0.2131000E-01
   0.6046000E-02  0.1956800E-01
   0.5095000E-02  0.1785100E-01
   0.4231000E-02  0.1616000E-01
   0.3453000E-02  0.1449200E-01
   0.2757000E-02  0.1285000E-01
   0.2142000E-02  0.1123200E-01
   0.1607000E-02  0.9638000E-02
   0.1150000E-02  0.8068000E-02
   0.7700000E-03  0.6522000E-02
   0.4690000E-03  0.5003000E-02
   0.2430000E-03  0.3508000E-02
   0.9100000E-04  0.2040000E-02
   0.1500000E-04  0.6040000E-03
   0.1600000E-04 -0.8020000E-03
   0.9600000E-04 -0.2200000E-02
   0.2690000E-03 -0.3603000E-02
   0.5470000E-03 -0.5004000E-02
   0.9440000E-03 -0.6384000E-02
   0.1473000E-02 -0.7728000E-02
   0.2140180E-02 -0.9024631E-02
   0.2946926E-02 -0.1026250E-01
   0.3903360E-02 -0.1144056E-01
   0.5010176E-02 -0.1255446E-01
   0.6258847E-02 -0.1360242E-01
   0.7636705E-02 -0.1458491E-01
   0.9123380E-02 -0.1550746E-01
   0.1069497E-01 -0.1637557E-01
   0.1235019E-01 -0.1720167E-01
   0.1410189E-01 -0.1799961E-01
   0.1597655E-01 -0.1878417E-01
   0.1797731E-01 -0.1955726E-01
   0.2009831E-01 -0.2031748E-01
   0.2234838E-01 -0.2106878E-01
   0.2473940E-01 -0.2181473E-01
   0.2728399E-01 -0.2255772E-01
   0.2999712E-01 -0.2329986E-01
   0.3289462E-01 -0.2404297E-01
   0.3599947E-01 -0.2479011E-01
   0.3933416E-01 -0.2554352E-01
   0.4292765E-01 -0.2630619E-01
   0.4681036E-01 -0.2708053E-01
   0.5102001E-01 -0.2786888E-01
   0.5559831E-01 -0.2867264E-01
   0.6059120E-01 -0.2949221E-01
   0.6604785E-01 -0.3032698E-01
   0.7201974E-01 -0.3117560E-01
   0.7855680E-01 -0.3203549E-01
   0.8570132E-01 -0.3290240E-01
   0.9348489E-01 -0.3377067E-01
   0.1019145     -0.3463221E-01
   0.1109764     -0.3547776E-01
   0.1206243     -0.3629671E-01
   0.1307935     -0.3707938E-01
   0.1414022     -0.3781741E-01
   0.1523665     -0.3850485E-01
   0.1636014     -0.3913786E-01
   0.1750407     -0.3971522E-01
   0.1866277     -0.4023702E-01
   0.1983180     -0.4070440E-01
   0.2100911     -0.4111952E-01
   0.2219101     -0.4148399E-01
   0.2337575     -0.4179997E-01
   0.2456198     -0.4206960E-01
   0.2574915     -0.4229497E-01
   0.2693573     -0.4247782E-01
   0.2812166     -0.4262001E-01
   0.2930641     -0.4272313E-01
   0.3049002     -0.4278860E-01
   0.3167246     -0.4281764E-01
   0.3285312     -0.4281123E-01
   0.3403256     -0.4277016E-01
   0.3521115     -0.4269495E-01
   0.3638841     -0.4258595E-01
   0.3756314     -0.4244340E-01
   0.3873386     -0.4226753E-01
   0.3989870     -0.4205850E-01
   0.4105520     -0.4181652E-01
   0.4220042     -0.4154191E-01
   0.4333194     -0.4123491E-01
   0.4444635     -0.4089616E-01
   0.4554019     -0.4052656E-01
   0.4660968     -0.4012741E-01
   0.4765097     -0.3970046E-01
   0.4865987     -0.3924804E-01
   0.4963169     -0.3877332E-01
   0.5056189     -0.3828013E-01
   0.5144615     -0.3777292E-01
   0.5228120     -0.3725635E-01
   0.5306516     -0.3673483E-01
   0.5379748     -0.3621235E-01
   0.5447953     -0.3569175E-01
   0.5511354     -0.3517513E-01
   0.5570293     -0.3466334E-01
   0.5625201     -0.3415597E-01
   0.5676498     -0.3365200E-01
   0.5724566     -0.3315010E-01
   0.5771977     -0.3262312E-01
   0.5820167     -0.3204995E-01
   0.5867936     -0.3143832E-01
   0.5914306     -0.3079576E-01
   0.5958634     -0.3012771E-01
   0.6000810     -0.2943282E-01
   0.6040737     -0.2870989E-01
   0.6078190     -0.2796086E-01
   0.6113372     -0.2717928E-01
   0.6146561     -0.2635376E-01
   0.6178235     -0.2546148E-01
   0.6208951     -0.2447183E-01
   0.6239080     -0.2336372E-01
   0.6267690     -0.2220947E-01
   0.6285645     -0.2160721E-01
   0.6293560     -0.2144211E-01
   0.6311493     -0.2130079E-01
   0.6328074     -0.2146604E-01
   0.6344354     -0.2191704E-01
   0.6360330     -0.2265200E-01
   0.6376360     -0.2350700E-01
   0.6393060     -0.2426800E-01
   0.6410550     -0.2492500E-01
   0.6428980     -0.2547100E-01
   0.6448390     -0.2591400E-01
   0.6468900     -0.2627300E-01
   0.6490590     -0.2656500E-01
   0.6513540     -0.2679300E-01
   0.6537740     -0.2696500E-01
   0.6563150     -0.2708000E-01
   0.6589710     -0.2714100E-01
   0.6617420     -0.2714900E-01
   0.6646390     -0.2710500E-01
   0.6676830     -0.2701000E-01
   0.6709010     -0.2686400E-01
   0.6743290     -0.2666500E-01
   0.6780140     -0.2641100E-01
   0.6820210     -0.2609600E-01
   0.6864550     -0.2570700E-01
   0.6914640     -0.2522600E-01
   0.6972710     -0.2462600E-01
   0.7041050     -0.2387300E-01
   0.7121020     -0.2294200E-01
   0.7213090     -0.2182700E-01
   0.7316810     -0.2053900E-01
   0.7429720     -0.1912200E-01
   0.7549310     -0.1763200E-01
   0.7673010     -0.1611900E-01
   0.7799130     -0.1462100E-01
   0.7926510     -0.1316600E-01
   0.8054470     -0.1177400E-01
   0.8182840     -0.1046400E-01
   0.8311030     -0.9225000E-02
   0.8439160     -0.8064000E-02
   0.8566960     -0.6989000E-02
   0.8694470     -0.6000000E-02
   0.8821790     -0.5096000E-02
   0.8948540     -0.4281000E-02
   0.9074670     -0.3552000E-02
   0.9199600     -0.2910000E-02
   0.9322180     -0.2361000E-02
   0.9440970     -0.1902000E-02
   0.9553550     -0.1534000E-02
   0.9657150     -0.1255000E-02
   0.9749470     -0.1051000E-02
   0.9829600     -0.9120000E-03
   0.9898010     -0.8180000E-03
   0.9956120     -0.7580000E-03
   0.9999520     -0.7250000E-03
